100.91
91
96.81
82
101.41
92
106.11
94
101.46
93
97.16
86
101.86
94
97.46
88
102.00999999999999
91
106.75999999999999
95
102.25999999999999
90
97.85999999999999
88
93.55999999999999
86
89.46
82
94.11
93
89.66
89
94.50999999999999
97
89.80999999999999
94
85.30999999999999
90
81.21
82
85.36
83
89.56
84
93.86
86
98.26
88
103.16000000000001
98
98.46000000000001
94
103.26
96
98.76
90
94.36
88
99.21
97
94.66
91
90.31
87
94.96000000000001
93
99.71000000000001
95
100.8
80
105.55
95
110.39999999999999
97
106.19999999999999
84
110.79999999999998
92
